% time     seconds  usecs/call     calls    errors syscall
------ ----------- ----------- --------- --------- ----------------
 51.60    0.107580        1044       103        16 futex
 30.36    0.063292         632       100           wait4
  3.16    0.006583          10       603       115 stat
  1.98    0.004119          14       293           read
  1.65    0.003432          11       303           fstat
  1.63    0.003408          94        36           clone
  1.47    0.003057          15       197         2 openat
  1.45    0.003015          29       103         4 select
  1.38    0.002872          11       253         5 lseek
  1.33    0.002763          13       210           close
  1.09    0.002282          27        82           getdents64
  0.87    0.001822          11       158       152 ioctl
  0.77    0.001606          13       120           mmap
  0.47    0.000974          23        41           munmap
  0.21    0.000431          47         9           unlink
  0.11    0.000233           8        27           brk
  0.10    0.000212          11        19           mprotect
  0.09    0.000188          20         9           getpid
  0.06    0.000119          19         6           pipe2
  0.05    0.000105          35         3           write
  0.05    0.000099          19         5           getrandom
  0.04    0.000073          18         4           getcwd
  0.02    0.000047          23         2           lstat
  0.02    0.000042           0        68           rt_sigaction
  0.02    0.000041          20         2           umask
  0.02    0.000037          12         3         2 readlink
  0.02    0.000035          11         3           fcntl
  0.00    0.000010          10         1           uname
  0.00    0.000000           0         1           rt_sigprocmask
  0.00    0.000000           0         8           pread64
  0.00    0.000000           0         1         1 access
  0.00    0.000000           0         3           dup
  0.00    0.000000           0         1           execve
  0.00    0.000000           0         1           sysinfo
  0.00    0.000000           0         1           getuid
  0.00    0.000000           0         1           getgid
  0.00    0.000000           0         1           geteuid
  0.00    0.000000           0         1           getegid
  0.00    0.000000           0         3           sigaltstack
  0.00    0.000000           0         2         1 arch_prctl
  0.00    0.000000           0         1           gettid
  0.00    0.000000           0         1           set_tid_address
  0.00    0.000000           0         1           set_robust_list
  0.00    0.000000           0         1           prlimit64
------ ----------- ----------- --------- --------- ----------------
100.00    0.208477                  2791       298 total
